# Mutation functions
mutate_add_one_piece          : 0.10734902572160843
mutate_castling_rights        : 0.05550005460721636
mutate_flip_board             : 0.07109728734398768
mutate_move_one_piece         : 0.11930990840158986
mutate_move_one_piece_adjacent: 0.15029836749046388
mutate_move_one_piece_legal   : 0.1482476940992914
mutate_player_to_move         : 0.08351645191965247
mutate_remove_one_piece       : 0.11653115743482045
mutate_rotate_board           : 0.01882143617591626
mutate_substitute_piece       : 0.12932861680545316

# Crossover functions
crossover_half_board          : 0.15522152809907128
crossover_one_quarter_board   : 0.3374808598317556
crossover_one_eighth_board    : 0.5072976120691731